% time-domain current integration by openEMS v0.0.36-67-g0bc6c61 @Wed Apr  2 00:17:45 2025
% start-coordinates: (-1.01044e-06,-1e-06,0.00028933) m -> [68,1,25]
% stop-coordinates: (-1.01044e-06,1.00935e-05,0.00029218) m -> [68,12,28]
% t/s	current
1.83108694958e-16	0
4.16665666465e-11	8.76454533949e-11
8.33329501843e-11	-2.28994271462e-11
1.24999333722e-10	-4.32470587119e-10
1.6666571726e-10	-1.20374099577e-09
2.08332100798e-10	-2.23930363141e-09
2.49998484335e-10	-3.10132874937e-09
2.91664867873e-10	-2.90345769649e-09
3.33331251411e-10	-3.91718796289e-10
3.74997634949e-10	5.59085888696e-09
4.16664018487e-10	1.51917767255e-08
4.58330402024e-10	2.63657700117e-08
4.99996785562e-10	3.39699610663e-08
5.416631691e-10	3.00142843912e-08
5.83329552638e-10	5.9260432117e-09
6.24995936175e-10	-4.2915601739e-08
6.66662319713e-10	-1.11395088709e-07
7.08328703251e-10	-1.80185153908e-07
7.49995086789e-10	-2.16136257336e-07
7.91661470327e-10	-1.80469413635e-07
8.33327853864e-10	-4.49435724192e-08
8.74994237402e-10	1.88297306636e-07
9.1666062094e-10	4.71892946052e-07
9.58327004478e-10	7.13608301339e-07
9.99993388016e-10	7.98578014383e-07
1.04165977155e-09	6.31223883829e-07
1.08332615509e-09	1.83816695198e-07
1.12499253863e-09	-4.69441914674e-07
1.16665892217e-09	-1.15339105378e-06
1.2083253057e-09	-1.63707704814e-06
1.24999168924e-09	-1.71336296262e-06
1.29165807278e-09	-1.28460874294e-06
1.33332445632e-09	-4.17960421828e-07
1.37499083986e-09	6.58327849123e-07
1.41665722339e-09	1.62326603004e-06
1.45832360693e-09	2.17366232391e-06
1.49998999047e-09	2.13406383409e-06
1.54165637401e-09	1.52123107e-06
1.58332275754e-09	5.36593177003e-07
1.62498914108e-09	-5.09743017574e-07
1.66665552462e-09	-1.3112663737e-06
1.70832190816e-09	-1.66809888924e-06
1.7499882917e-09	-1.54205781655e-06
1.79165467523e-09	-1.04795219613e-06
1.83332105877e-09	-3.92370594682e-07
1.87498744231e-09	2.09502786674e-07
1.91665382585e-09	6.04818296779e-07
1.95832020938e-09	7.38129301681e-07
1.99998659292e-09	6.4557116275e-07
2.04165297646e-09	4.1960214503e-07
2.08331936e-09	1.64209282616e-07
2.12498574354e-09	-4.10231564274e-08
2.16665212707e-09	-1.57917000365e-07
2.20831851061e-09	-1.8759473619e-07
2.24998489415e-09	-1.56192385248e-07
2.29165127769e-09	-9.74687637267e-08
2.33331766122e-09	-3.94084871402e-08
2.37498404476e-09	2.08339279162e-09
