% time-domain voltage integration by openEMS v0.0.36-67-g0bc6c61 @Wed Apr  2 00:17:45 2025
% start-coordinates: (-1.61671e-05,5.05102e-06,0.00029118) m -> [53,7,27]
% stop-coordinates: (1.61671e-05,5.05102e-06,0.00029118) m -> [85,7,27]
% t/s	voltage
0	-0
4.16663835378e-11	1.48835306926e-09
8.33327670756e-11	-1.27332057259e-08
1.24999150613e-10	-3.4424701173e-08
1.66665534151e-10	-5.96760008076e-08
2.08331917689e-10	-7.42959271882e-08
2.49998301227e-10	-5.26911692056e-08
2.91664684764e-10	3.70330213162e-08
3.33331068302e-10	2.16240997331e-07
3.7499745184e-10	4.68175503254e-07
4.16663835378e-10	7.0792698903e-07
4.58330218916e-10	7.69570227099e-07
4.99996602453e-10	4.36200449982e-07
5.41662985991e-10	-4.68782906715e-07
5.83329369529e-10	-1.93719612174e-06
6.24995753067e-10	-3.62985431224e-06
6.66662136605e-10	-4.82022431925e-06
7.08328520142e-10	-4.52786504468e-06
7.4999490368e-10	-1.88848737537e-06
7.91661287218e-10	3.30866663489e-06
8.33327670756e-10	1.0128734786e-05
8.74994054293e-10	1.63489931282e-05
9.16660437831e-10	1.8922471952e-05
9.58326821369e-10	1.5082746927e-05
9.99993204907e-10	3.77732202139e-06
1.04165958844e-09	-1.31829105641e-05
1.08332597198e-09	-3.09537604721e-05
1.12499235552e-09	-4.28743556995e-05
1.16665873906e-09	-4.28776897365e-05
1.2083251226e-09	-2.82431189476e-05
1.24999150613e-09	-1.45442996313e-06
1.29165788967e-09	2.98842469704e-05
1.33332427321e-09	5.53765881648e-05
1.37499065675e-09	6.56644820651e-05
1.41665704028e-09	5.62191733025e-05
1.45832342382e-09	2.94144808208e-05
1.49998980736e-09	-6.12752933193e-06
1.5416561909e-09	-3.87323275532e-05
1.58332257444e-09	-5.80809640383e-05
1.62498895797e-09	-5.89636665609e-05
1.66665534151e-09	-4.28486679311e-05
1.70832172505e-09	-1.67597286804e-05
1.74998810859e-09	9.8540072031e-06
1.79165449212e-09	2.87866876505e-05
1.83332087566e-09	3.57553953165e-05
1.8749872592e-09	3.11884975304e-05
1.91665364274e-09	1.91364102875e-05
1.95832002628e-09	5.08918620312e-06
1.99998640981e-09	-6.23559347446e-06
2.04165279335e-09	-1.2285494055e-05
2.08331917689e-09	-1.29262836559e-05
2.12498556043e-09	-9.76651048035e-06
2.16665194396e-09	-5.0709312589e-06
2.2083183275e-09	-7.90895523295e-07
2.24998471104e-09	1.97060958484e-06
2.29165109458e-09	3.00973578327e-06
2.33331747812e-09	2.74237418019e-06
2.37498386165e-09	1.81838551416e-06
