% time-domain current integration by openEMS v0.0.36-67-g0bc6c61 @Wed Mar 19 09:28:26 2025
% start-coordinates: (-1.0015e-06,-1e-06,0.00028933) m -> [193,1,25]
% stop-coordinates: (-1.0015e-06,1.00153e-05,0.00029218) m -> [193,12,28]
% t/s	current
1.15347063062e-16	0
4.16667042429e-11	2.53216961288e-11
8.33332931388e-11	-1.72970776591e-10
1.24999882035e-10	-5.20945675486e-10
1.66666470931e-10	-8.59225635086e-10
2.08333059826e-10	-1.1242913267e-09
2.49999648722e-10	-1.06029951485e-09
2.91666237618e-10	-1.60721658204e-10
3.33332826514e-10	1.97107974387e-09
3.7499941541e-10	5.27840038345e-09
4.16666004306e-10	8.95583696092e-09
4.58332593202e-10	1.12126361529e-08
4.99999182097e-10	9.43554567812e-09
5.41665770993e-10	1.08056785741e-09
5.83332359889e-10	-1.47596095346e-08
6.24998948785e-10	-3.56590206252e-08
6.66665537681e-10	-5.49397682903e-08
7.08332126577e-10	-6.25468530302e-08
7.49998715473e-10	-4.82892232867e-08
7.91665304368e-10	-6.89363766071e-09
8.33331893264e-10	5.70691902624e-08
8.7499848216e-10	1.27108918946e-07
9.16665071056e-10	1.7792066842e-07
9.58331659952e-10	1.839896413e-07
9.99998248848e-10	1.31000831516e-07
1.04166483774e-09	2.50342928609e-08
1.08333142664e-09	-1.05659879068e-07
1.12499801554e-09	-2.18962412646e-07
1.16666460443e-09	-2.75060159538e-07
1.20833119333e-09	-2.53704087072e-07
1.24999778222e-09	-1.64137617276e-07
1.29166437112e-09	-4.19330099533e-08
1.33333096001e-09	6.64365060743e-08
1.37499754891e-09	1.24622133058e-07
1.41666413781e-09	1.22398830626e-07
1.4583307267e-09	7.86324889646e-08
1.4999973156e-09	2.96831856872e-08
1.54166390449e-09	9.60985779841e-09
1.58333049339e-09	3.24849409594e-08
1.62499708229e-09	8.58928075331e-08
1.66666367118e-09	1.38638924341e-07
1.70833026008e-09	1.57632527475e-07
1.74999684897e-09	1.25126192074e-07
1.79166343787e-09	4.72184495948e-08
1.83333002677e-09	-4.96553980156e-08
1.87499661566e-09	-1.31565997208e-07
1.91666320456e-09	-1.72152311961e-07
1.95832979345e-09	-1.62636041523e-07
1.99999638235e-09	-1.12999536839e-07
2.04166297124e-09	-4.52330155554e-08
2.08332956014e-09	1.6974944117e-08
2.12499614904e-09	5.71174112451e-08
2.16666273793e-09	6.99434323792e-08
2.20832932683e-09	6.02563687835e-08
2.24999591572e-09	3.83536260529e-08
2.29166250462e-09	1.48526329014e-08
2.33332909352e-09	-2.93967183929e-09
2.37499568241e-09	-1.22508021505e-08
2.41666227131e-09	-1.40244473812e-08
2.4583288602e-09	-1.11118660939e-08
2.4999954491e-09	-6.545117337e-09
