% time-domain voltage integration by openEMS v0.0.36-67-g0bc6c61 @Wed Mar 19 09:28:26 2025
% start-coordinates: (-2.80421e-05,5.00835e-06,0.00029118) m -> [166,7,27]
% stop-coordinates: (2.80421e-05,5.00835e-06,0.00029118) m -> [222,7,27]
% t/s	voltage
0	-0
4.16665888959e-11	7.35916355979e-09
8.33331777917e-11	-1.57367472178e-08
1.24999766688e-10	-6.54965689184e-08
1.66666355583e-10	-1.4618844163e-07
2.08332944479e-10	-2.30073774476e-07
2.49999533375e-10	-2.55145754413e-07
2.91666122271e-10	-1.28714621739e-07
3.33332711167e-10	2.53803318029e-07
3.74999300063e-10	9.45321755985e-07
4.16665888959e-10	1.84707185547e-06
4.58332477854e-10	2.61640747468e-06
4.9999906675e-10	2.64885301249e-06
5.41665655646e-10	1.21103177575e-06
5.83332244542e-10	-2.22848279563e-06
6.24998833438e-10	-7.51647997888e-06
6.66665422334e-10	-1.33657130377e-05
7.0833201123e-10	-1.72378664516e-05
7.49998600126e-10	-1.58552127019e-05
7.91665189021e-10	-6.44760798529e-06
8.33331777917e-10	1.15293109673e-05
8.74998366813e-10	3.48931447434e-05
9.16664955709e-10	5.63740343011e-05
9.58331544605e-10	6.61306499694e-05
9.99998133501e-10	5.51875012889e-05
1.0416647224e-09	1.9826658999e-05
1.08333131129e-09	-3.49019504569e-05
1.12499790019e-09	-9.45562217396e-05
1.16666448908e-09	-0.000138731139941
1.20833107798e-09	-0.000148018119262
1.24999766688e-09	-0.000112112222837
1.29166425577e-09	-3.56228883334e-05
1.33333084467e-09	6.14228937366e-05
1.37499743356e-09	0.000149368739358
1.41666402246e-09	0.000199251886443
1.45833061136e-09	0.00019365824329
1.49999720025e-09	0.000133577092527
1.54166378915e-09	3.82576563993e-05
1.58333037804e-09	-6.1943855755e-05
1.62499696694e-09	-0.000136733284251
1.66666355583e-09	-0.000166448645189
1.70833014473e-09	-0.00014788102601
1.74999673363e-09	-9.34966276702e-05
1.79166332252e-09	-2.50635021288e-05
1.83332991142e-09	3.51313847773e-05
1.87499650031e-09	7.1781384861e-05
1.91666308921e-09	8.01810786584e-05
1.95832967811e-09	6.53752291129e-05
1.999996267e-09	3.81145186168e-05
2.0416628559e-09	9.85418044053e-06
2.08332944479e-09	-1.11380829608e-05
2.12499603369e-09	-2.14612404434e-05
2.16666262258e-09	-2.20885876843e-05
2.20832921148e-09	-1.65548868623e-05
2.24999580038e-09	-8.90385990893e-06
2.29166238927e-09	-2.20802176143e-06
2.33332897817e-09	2.02457184795e-06
2.37499556706e-09	3.68451649901e-06
2.41666215596e-09	3.49483809448e-06
2.45832874486e-09	2.4083537733e-06
2.49999533375e-09	1.19609862725e-06
