% time-domain voltage integration by openEMS v0.0.36-67-g0bc6c61 @Wed Mar 19 09:26:02 2025
% start-coordinates: (-2.3604e-05,5.02424e-06,0.00029118) m -> [139,7,27]
% stop-coordinates: (2.3604e-05,5.02424e-06,0.00029118) m -> [186,7,27]
% t/s	voltage
0	-0
4.16666562923e-11	7.91402302719e-09
8.33333125845e-11	-1.30378643229e-08
1.24999968877e-10	-6.28279678283e-08
1.66666625169e-10	-1.38656246651e-07
2.08333281461e-10	-2.12110360498e-07
2.49999937754e-10	-2.30915171318e-07
2.91666594046e-10	-1.06772892194e-07
3.33333250338e-10	2.58396584796e-07
3.7499990663e-10	9.05764427905e-07
4.16666562923e-10	1.73317225638e-06
4.58333219215e-10	2.41343365204e-06
4.99999875507e-10	2.38030888333e-06
5.41666531799e-10	9.61666855037e-07
5.83333188092e-10	-2.3033395582e-06
6.24999844384e-10	-7.21651892022e-06
6.66666500676e-10	-1.25187893119e-05
7.08333156969e-10	-1.58130996795e-05
7.49999813261e-10	-1.40823781436e-05
7.91666469553e-10	-4.88050228142e-06
8.33333125845e-10	1.20751041237e-05
8.74999782138e-10	3.35695504958e-05
9.1666643843e-10	5.26705707102e-05
9.58333094722e-10	6.02729936361e-05
9.99999751014e-10	4.83800234861e-05
1.04166640731e-09	1.41565406366e-05
1.0833330636e-09	-3.69889158804e-05
1.12499971989e-09	-9.11189590056e-05
1.16666637618e-09	-0.000129254564172
1.20833303248e-09	-0.000134001653066
1.24999968877e-09	-9.69813118559e-05
1.29166634506e-09	-2.38480158146e-05
1.33333300135e-09	6.57745056571e-05
1.37499965764e-09	0.000144143552518
1.41666631394e-09	0.000185172603437
1.45833297023e-09	0.00017429241592
1.49999962652e-09	0.000114251101252
1.54166628281e-09	2.42978268261e-05
1.58333293911e-09	-6.69792028134e-05
1.6249995954e-09	-0.000132152925119
1.66666625169e-09	-0.000154461997113
1.70833290798e-09	-0.00013262685053
1.74999956428e-09	-7.94970968059e-05
1.79166622057e-09	-1.5746598514e-05
1.83333287686e-09	3.83226505249e-05
1.87499953315e-09	6.94602483975e-05
1.91666618944e-09	7.43882149834e-05
1.95833284574e-09	5.86132331222e-05
1.99999950203e-09	3.24606857021e-05
2.04166615832e-09	6.44373372793e-06
2.08333281461e-09	-1.21765123566e-05
2.12499947091e-09	-2.07224660116e-05
2.1666661272e-09	-2.04624688749e-05
2.20833278349e-09	-1.48477913982e-05
2.24999943978e-09	-7.62295147894e-06
2.29166609607e-09	-1.52388726038e-06
2.33333275237e-09	2.19153298087e-06
2.37499940866e-09	3.53147185361e-06
2.41666606495e-09	3.2222653612e-06
2.45833272124e-09	2.1557054497e-06
2.49999937754e-09	1.02713773109e-06
