% time-domain current integration by openEMS v0.0.36-67-g0bc6c61 @Wed Mar 19 09:26:02 2025
% start-coordinates: (-5.02214e-07,-1e-06,0.00028933) m -> [162,1,25]
% stop-coordinates: (-5.02214e-07,1.00444e-05,0.00029218) m -> [162,12,28]
% t/s	current
1.25492149086e-16	0
4.16667817844e-11	-2.45978693143e-12
8.33334380767e-11	-1.93139268467e-10
1.25000094369e-10	-4.17870821279e-10
1.66666750661e-10	-6.93788027029e-10
2.08333406953e-10	-1.03094299764e-09
2.50000063246e-10	-1.07743525213e-09
2.91666719538e-10	-4.37475972115e-10
3.3333337583e-10	1.21383259e-09
3.75000032123e-10	4.00945099344e-09
4.16666688415e-10	7.4803381267e-09
4.58333344707e-10	1.02578212591e-08
5.00000000999e-10	1.0160151831e-08
5.41666657292e-10	4.753141436e-09
5.83333313584e-10	-7.50564410623e-09
6.24999969876e-10	-2.57737724496e-08
6.66666626168e-10	-4.56756268363e-08
7.08333282461e-10	-5.93531339632e-08
7.49999938753e-10	-5.73210385824e-08
7.91666595045e-10	-3.21059303587e-08
8.33333251337e-10	1.74227157146e-08
8.7499990763e-10	8.29267463587e-08
9.16666563922e-10	1.46705275483e-07
9.58333220214e-10	1.86041319239e-07
9.99999876507e-10	1.80977451691e-07
1.0416665328e-09	1.22697798588e-07
1.08333318909e-09	1.8933699053e-08
1.12499984538e-09	-1.06590093196e-07
1.16666650168e-09	-2.21148553692e-07
1.20833315797e-09	-2.93824740538e-07
1.24999981426e-09	-3.05819469304e-07
1.29166647055e-09	-2.55827444562e-07
1.33333312684e-09	-1.58704594355e-07
1.37499978314e-09	-3.85394223201e-08
1.41666643943e-09	7.99399160201e-08
1.45833309572e-09	1.77819316605e-07
1.49999975201e-09	2.44072396072e-07
1.54166640831e-09	2.73955180319e-07
1.5833330646e-09	2.66397961468e-07
1.62499972089e-09	2.22738520961e-07
1.66666637718e-09	1.47779985582e-07
1.70833303348e-09	5.18116500814e-08
1.74999968977e-09	-4.89218408006e-08
1.79166634606e-09	-1.34682906605e-07
1.83333300235e-09	-1.87658173445e-07
1.87499965864e-09	-1.9790212491e-07
1.91666631494e-09	-1.66965833159e-07
1.95833297123e-09	-1.07356733281e-07
1.99999962752e-09	-3.79589799593e-08
2.04166628381e-09	2.25067111614e-08
2.08333294011e-09	6.12637265363e-08
2.1249995964e-09	7.43319930052e-08
2.16666625269e-09	6.58354437633e-08
2.20833290898e-09	4.47315251506e-08
2.24999956527e-09	2.07461603452e-08
2.29166622157e-09	1.1913637854e-09
2.33333287786e-09	-1.04805719658e-08
2.37499953415e-09	-1.43650575879e-08
2.41666619044e-09	-1.27508457126e-08
2.45833284674e-09	-8.54692672192e-09
2.49999950303e-09	-4.13400380594e-09
